$ANSIBLE_VAULT;1.1;AES256
36646133326663343533396239363331643565346638383462626530376561386435336133333139
3830326663383665383764306537653763303064313265300a616333623664316530356165613237
62376336373932383135396432373538356336383332616531623264326432303166383161393934
3532666136663065390a303238653061383036396136383432386539613639613365363133326634
61623433383432393536366466346361636661626365653263343364343235306630346538373230
61386166383837326432633064303165646239613035366631316132636366313836613739643131
62636166643936303838356530306236623930663538626132636439643665383962303434653134
66373630343937303330326637643439356639626332396334663266306234363933306262373134
39646233393036386665666539653037656136336335396262663835303162373563653932626535
66646134383561636432396161333664323263323862366237626234376630386231333834613764
316337343535316635396336343666626265
